-0.876776773538072
1.06699942077824
0.910103133148129
0.201471009974494
0.0960372417466644
-1.60853558485588
-2.41635785320283
-0.216704902763225
0.769091816173325
-1.41050662746414
-1.93474837563443
1.19775815132346
0.928810802082382
1.69267104790609
-2.40978057985913
-2.58599717214749
-0.874555334678282
0.709022344409644
-0.324625136969223
-0.112360094657501
0.497503196914586
-1.30021963025211
-0.15167715571952
3.07264382467189
-0.709663479552272
1.14056048128886
-2.38507455918866
-3.3273320437704
0.00904890701827288
-1.62200376646911
-0.14432421106238
0.0345402301314468
0.747040861150364
0.776370474681317
0.589537495210012
1.38978519078789
-2.0058948964923
1.08612663582119
-1.46656637031981
-0.282277717624733
1.04141930878403
-1.75847253044904
-1.28099639562246
-2.7347248919593
1.17021276487964
2.72117701666296
-0.835763688288134
0.337622935651587
1.44116927735766
1.68128522337081
0.222719538158472
-0.102963273631722
1.20879218236275
0.582928854898799
-0.249234853802648
-1.4061658892445
-1.27723848214425
1.17308726956042
-1.31375106836154
-0.52829789272473
1.32006555991563
0.446816998799658
1.51458029781148
-0.2642429712616
0.908949776904311
-0.125545686306409
0.888836373074961
0.943264696599427
-3.24290559217452
0.88112902743283
-1.62805481672852
-1.93448365730313
-0.965030653664615
-0.028606077508077
0.595020505356866
3.03095295940188
-0.087211411701356
-0.114201375103547
0.663856442501597
0.0565002156047896
-1.57669046661944
1.70071022497203
-1.30330417587678
-0.897391801724963
0.161546754245367
1.86807918068291
-0.858249214050399
1.39337888938308
-0.542174450132403
0.437860961780424
1.07569908514804
0.494314383066404
0.46564824590567
-0.373720092314349
-0.28651941109609
0.613682388960608
0.404761010934122
-0.331574295110529
1.05899482516463
-1.62110667222928
1.57105395565322
1.3468123373259
-0.168463451031871
0.411289840694549
1.54261130335795
0.426451758508474
-0.30846216215834
-0.0638871861021169
-0.691248470773328
-0.437842110639027
1.08794829355304
-0.0800693748116583
1.87917235105941
0.127178927840783
-0.0888947723039126
0.674764117259351
1.08302983969752
0.16123196494861
0.232040341476962
0.418988177615621
-1.2314281983501
1.21109520162474
-0.409329504830407
1.77328121580587
0.436861333937862
-1.48082182032544
2.11981785189518
-0.42781249195526
0.515028901007884
-0.935946910710759
0.957555041145968
1.54447172391556
-0.110244609634147
0.0228328241100456
-1.89531548005151
0.326328644072555
0.104192087531722
-1.73438112651026
1.55912472705943
-2.03295131507605
0.0784637350372406
0.299541875307781
0.271083286818649
-1.49881741199926
2.38510447990173
1.09963906258566
0.485517429821229
0.532977370095217
-1.37190340678557
-0.887733436016061
-1.03335353949208
1.22448070771998
0.193217661444113
-1.07067785790007
-0.303608946508429
-1.66330441603009
2.1842622419425
1.02707379911011
3.06161901252783
2.74088712108592
-2.51918955367434
-0.951153637334938
-2.01473757703846
0.473649851908689
-0.104227445897427
-1.59117525118312
-1.1968507732392
-1.45665762852741
-0.282680520909354
-0.693951459818422
0.29269312895631
0.730023182989687
-1.08512458355483
-1.10066434528933
-0.985480314885181
-2.16132893691944
0.18615577338507
0.0200674118150818
-1.08589128484437
-0.656337696943829
-2.19267097914785
0.619111829074294
-0.57514996280215
0.418348290185868
0.933665068710532
-0.401738066482096
-1.65399244863375
-0.0246325972156992
1.3028730634926
-0.651731121993997
-1.99986254238481
2.57474202704653
-1.50257478574655
1.24113351029166
-1.0843147162611
1.89587049460049
-0.307569789180816
-1.03438642424982
-2.94699542961628
2.02041552695885
1.69960348864626
-0.183348393147782
-0.48283770850091
3.07622876667524
0.598821187912776
0.3296959614064
-1.98261264850986
0.0850572864715516
-1.95753903854585
0.336764870499172
0.0622956917448321
2.15566953406374
-0.170125753510576
-1.24214254885161
3.47171249162288
0.598432225816624
1.56284720996091
1.99526741993402
-2.49875905180572
-1.6573808335675
-0.68059387893574
1.51499615733587
2.11895461255462
0.304502124913397
-2.66654148293775
-2.90817439351602
1.4700476637472
0.0225113830962003
1.81830040851104
3.96851546241417
-0.578657475922573
-0.136799144520228
-0.696462756555054
1.15123341228687
1.48703315598894
0.0268148270475312
-0.724543161990083
-1.91018906092697
0.658478152671223
1.37356557511466
2.78814651369361
1.8828683895983
0.401382044129182
1.33486231479313
-0.361543518886785
-0.216774499633032
0.414896992691583
0.14984445824253
2.98665309590224
0.104883392982383
1.04567504264298
0.310402245453414
2.42462675337941
1.04952367169
-0.509721017357775
1.65056039063133
0.0940186108425609
0.683413458948836
0.402559706034076
-1.55826578888672
1.60195180277245
2.87144806218492
0.363724743836431
-0.664658799340546
1.49646258525687
-0.529019398802796
-1.42623125818564
1.22322095167282
0.410629407537139
0.449585354928294
3.08061507812362
-1.37895648919464
0.377303718346346
0.560231698533563
0.483266583525395
-0.173531735307678
0.770907855554278
-1.0839579262525
-1.74080023094622
0.61403794422098
1.14882593410373
-1.57700055129439
2.01288472373454
-0.96950470464372
-0.197953788733726
0.217881123653893
0.717438514918058
0.335278462436179
-1.2433636951565
0.347358418479415
1.6479676265215
0.444680472555896
1.64079807716553
0.0540549934896521
0.538411621457628
-0.802851895237638
-0.0123586743616713
0.841035812776468
1.4060443312997
-0.120539941308487
-2.48655656120342
-1.30646354087281
1.96030253954612
2.18114386466252
2.2985539173374
0.26603528713725
0.680926762547526
