-0.628311834045509
-1.95783285856901
-1.90161276817846
-3.99445919929567
-5.49711261540541
-7.85525926789197
-7.22257256972301
-4.70759204442724
-4.4312795569582
-3.42576654679031
-2.94293498178247
-2.59669367970958
-1.41642202167438
-0.754925831785107
0.324651343745907
1.51832786642588
0.970041345144662
1.22568621807168
1.67392674973354
2.10220885161522
2.05084392092612
2.6000165326695
2.6599694186011
2.05547967090188
1.02513501571342
2.17763183901056
5.56539594032317
5.47108460350726
4.57616771205375
4.98235602721204
4.71826249049963
3.50227030699122
0.904832142172929
1.39060179785554
2.22938906042554
1.1465065380311
1.90155989684864
2.48690807950875
1.34005281717007
-0.949501506772807
-2.24429478941253
-3.35255283222046
-4.58868585117884
-5.59526017022531
-4.85441490622895
-4.95530769353033
-4.94485066533184
-3.44436516945115
-1.54194984090161
-0.148889113518313
0.298439079586626
-0.543411879581465
-3.0248118124043
-2.96486953741685
-2.95159631380135
-3.13385575073928
-3.99042369621816
-4.27625755440528
-3.67208302692314
-2.93515995791624
-1.62400280283269
-1.40513603095498
-1.47586456227281
-0.719107326108966
-1.35233978637292
0.742381494413022
1.57778791415799
2.4141306125062
3.95540954728659
4.24780251428107
3.89174999020203
3.73117634431985
4.06344688235673
3.94100490051477
5.71345692237424
4.4097685042101
2.64867800515726
2.15426862932655
1.15804783853897
0.0891102697090285
-2.32105335916884
-3.86566161695999
-5.66260137602446
-6.00455933027357
-6.21794495215477
-7.48975604486076
-6.05995628532411
-4.28962233830248
-4.05987522560267
-4.23735638348728
-4.47339135082014
-3.3038364619676
-0.838399245089779
-1.11421254950964
-0.983214154639577
0.300491206283887
0.49201070319334
0.197717814951691
-0.354410025194941
-0.143636218032976
-0.656643310544617
-1.75257122024865
-2.93084272315029
-2.04936176849325
-0.309545457504418
-0.589786863287979
-0.503892836933061
-0.56173650367397
-0.0704741972818121
-1.74798298043668
-2.90905733850222
-2.44806200294999
-2.85458527899373
-4.28317889076318
-5.92493330156414
-5.79421986498272
-5.23894595259152
-3.55713528711363
-2.43562179645444
-2.99903004509209
-3.40498707879124
-3.5129985498827
-4.33987279363992
-5.64452607968462
-5.64794544232546
-6.50448078004317
-6.20649154722845
-5.73072703011228
-3.98997318680794
-2.35327299447812
-2.92792305009916
-5.07397143419352
-4.53372120053913
-2.78039871156262
-2.30857001063463
-1.90326702618627
-0.449850544857319
1.15517068525888
0.632100849840304
-1.11016958656977
-2.81448512517072
-3.81883220060445
-5.16713672248708
-5.84378747564659
-4.82753893763044
-4.65204470878413
-4.49031381284321
-4.61339785894642
-4.18127305089295
-1.65743984337488
-1.08715389678962
-1.4647045201374
-2.51527991820603
-2.25147412375587
-1.07021581697624
-0.493937059654913
-1.69310487054282
0.083484492634921
3.76833079253485
4.53090063464089
3.75035937229567
1.62629252962733
2.295496311155
4.13358082892336
3.44967906318131
1.45978808616052
2.31790093753031
5.26404731708252
5.9896277707423
6.68194081366736
7.58869083247842
6.3949871508687
5.22666644315856
5.16223067848243
4.64046718809024
4.54393356514475
6.08853811567912
6.64719503721606
7.35489696212975
6.99664914996829
4.40986963278892
3.22205370477169
4.47549344679463
4.98792152516501
4.37785479610448
2.91337079073208
1.32318781879231
1.38504242021429
1.12725763203063
1.20709594690378
1.32744748654538
1.40231895493101
0.247789611031032
-0.597766762080999
-1.91590910552822
-1.44715819125592
-0.216105995379973
-0.621259837225653
-0.734503320007904
-0.476988841801967
0.806778212944633
0.732896575741803
-0.144817004053917
-0.788009754170631
-1.4684592780881
-0.665520870335986
-0.507677744479363
-0.43835991681832
-0.936173425186335
-0.870072976230549
-0.990122393581922
-2.25153406421024
-3.63881941762343
-5.04297339848612
-5.36520389020684
-6.3242412707477
-5.98525972320307
-2.89205369689858
-2.47391991257039
-3.05055243280266
-1.827216032222
-0.885731123692295
-1.5607848988291
-0.785439766787271
-1.33996165703107
-1.21976274790317
-0.387607560189601
0.924821451048516
2.272524223042
1.65787440055274
0.391390667608466
-0.739499678769869
-0.260893193488231
0.805999602259574
-0.0224158290594109
-1.48699814360572
-1.18216199088038
-1.14352161532173
-2.41660567524767
-2.0104880027209
-0.566546358549436
1.48620632195397
0.739037639604631
-0.32546485470267
-0.510764264847091
-1.46969526280393
-0.578766260110821
-1.74020410755137
-2.60148597613014
-1.07069576191434
0.640155024736861
2.80416802813486
2.01014070586964
1.31203943198946
1.01817245571804
0.201791128052408
-0.880849291564307
0.526381386968541
2.0390039343017
1.66829353134932
1.06544770888621
0.982133783061328
-0.100722106486474
-0.716475372531352
0.0674785853275938
0.661374435126558
-0.0828602018567623
-0.260777724464108
-0.210596865845301
0.599390715209467
2.74880530416772
1.4633788291721
-0.475604735129736
-1.23315826114774
-0.0278915263327513
-0.476524229482922
-0.13935691345161
0.00705128002071398
-0.724101132209901
-1.7751886314548
-1.00617115692127
-1.28054622715153
-1.78673148449971
-2.17486847130933
-3.24683728039866
-5.05874767704603
-5.22055373515223
-5.02203822347386
-3.74574452400904
-3.73545752810507
-5.15331847944395
-5.00868356409504
-3.89263202869974
-2.91321663096259
-0.503337670746535
2.31422099998401
3.24342443327144
3.3459238853861
2.51759033719413
1.34865492474727
