-1.27044680544771
0.534571159096625
0.685172681742108
1.06291673292937
-0.14669758061039
-0.533140121220068
-1.51914934678094
-0.935493729086624
-1.71398044043162
-0.302025992823942
-0.937978309223003
-1.07849748675785
-0.608003087983559
-0.474190775390422
-0.109118234247597
-0.691615089780577
-0.581369533919113
-0.0962513665791295
-0.761621075597809
-0.0857417515057913
-0.595987087845413
-0.787879042667128
-0.793198305318893
-0.00729430326096525
2.27642585044694
1.59546868121008
0.447728782333367
0.880258852410805
0.522690047872803
0.335491853969053
0.212211200163386
0.298953765280272
-0.226690977834067
0.0816457562965747
-0.237683141969867
0.36668435824097
1.47049671346738
0.993493040479129
1.17815962528107
0.761839789464104
2.28329782098495
2.25837648681543
1.4734121856363
0.238341281647245
-0.335885597531628
0.0557262290470409
0.140428666551647
0.258656743755722
-0.818484181384283
-0.762480037307278
0.576603433048779
0.798572485720433
0.370634126348723
1.87667538272901
1.383313723812
1.86224756313362
2.34647405992373
3.56681349040895
3.42800959251795
2.86521755892829
4.06045376828425
3.58537713549438
2.17835885953087
1.68983137489401
0.51197585870929
1.76905226806059
1.9681073248213
3.14482349845339
2.98549364171904
4.1745286742814
3.45602046739291
4.02401296557376
3.82187407058584
2.18380095158749
3.04673689914777
2.75291555701754
1.49263809924261
2.00374812204773
0.953510040390827
1.56775953674996
0.715670712347038
-0.475619190661017
0.562891120708872
1.46479295763388
1.64316845897128
0.191963829113634
0.47744967778871
1.07800866686105
1.55229677566833
1.11426838989117
1.44248121589003
1.81315146141978
1.94516584972222
1.51597502377607
2.26983528028399
2.11287126119776
1.20480917795646
0.951361646393948
2.46129969097958
-0.375801040623462
-0.453989231008832
0.841078712487674
0.523123275934287
1.40433970235743
2.07083800394887
1.92807261838116
2.33976069383671
3.16640955623948
2.8485732148131
3.21163704922325
3.52610054577602
3.90558582515012
2.5050126664413
0.752705621542207
-1.26917892092667
-1.6398135777161
-0.355555594973443
-1.33581387108826
-2.18859140998666
-2.64610470765392
-2.84870003681797
-3.79649068007208
-4.15228338167443
-2.689154122233
-0.443479856475929
-0.346302808269438
0.482262226019393
-0.103124703527468
1.72178794622374
2.09496133035536
2.85864730083051
3.65995048830527
1.86224891316397
0.409093697562479
-0.615419238696228
1.08642785903146
0.194760760922589
-0.765006629842947
0.00705572552532197
1.10796531937998
-0.381503198234918
-1.02164483203351
-1.57003868357522
-1.19808513610383
-2.97953599720575
-2.73482964509578
-2.64206199909165
-2.63785738391191
-0.727479063315838
-3.37868987507655
-3.75513279662443
-2.47600873674518
-1.63109953144861
-3.85479072426047
-2.79857948213935
-4.07291153652234
-3.83114500674065
-4.58720187685645
-4.02971822543533
-2.21823742741612
-4.63204049255141
-3.53148785957061
-3.20645745128648
-2.75465041397728
-2.9004371069463
-2.66373942277306
-2.54275422045734
-1.87748816563285
-0.993413454017661
1.55144430503425
2.25953944175245
2.2580359902006
1.5719896527256
2.15477571737181
1.39694780551828
0.733603186665307
2.6095264705861
1.81127503667588
1.76114106922498
1.89263182969593
1.97397282862715
1.99735359743005
2.0066924883814
2.16375885995962
2.07721747839129
0.411397508586419
-0.587731557711923
-1.75001641773162
-1.6770475768237
-1.73641156515053
0.944272579277847
1.51845047257934
0.512734915510345
-1.13215277992893
-0.768157410810025
-0.267015098004566
-2.13023711202485
-1.48047230241328
-2.87937883417845
-4.39279579646717
-3.5166563355923
-2.49281751848255
-2.70113947234248
-3.63810686695534
-3.2661315372454
-2.3715475127149
-0.215610529025086
0.359645896797306
1.01261479531436
0.256399882973098
-0.528341839183669
-0.546559814619184
-0.360497947963995
-1.21669433200986
-0.462676918628415
-0.0128772586289055
-0.674314887622302
-1.85585778752897
-3.36198713861792
-3.31728151262353
-1.29804740726657
-1.17902080529467
-0.532693525631533
-1.17142860050954
-0.984019982126751
0.283288372017342
-0.49949115276358
-2.01695727922767
-1.87762975893854
-2.40543787615648
-1.48638645640774
-2.87028954794847
-2.00341619993149
-4.10767952049695
-3.32191748248552
-2.9978949196652
-2.79708845974859
-3.05709116160316
-1.53613538845917
-3.14805369502684
-2.83443909916205
-1.03327279623994
1.12836705480361
1.5436780965784
1.01324782202331
0.619047996507805
0.48884729906602
-0.154303655938135
1.78967484218818
2.80083463612106
3.04945417407602
2.07917738865474
2.2068329739772
2.71947176788391
2.8358853281515
2.32717301496877
2.77684444662811
1.52070366677621
1.41435127074021
1.85511155750816
2.82473802157217
1.80837081717109
1.00232776043035
0.144643565521455
2.64697312849163
4.56626215022838
4.23337781293913
2.09141718042679
2.06891310500459
0.996612496071382
-0.943748155245559
0.785012344762715
2.20351385857072
2.29654271978465
2.79275359308423
3.28254548893823
2.99093667649602
3.91357774891214
4.41169721109751
3.00631659389574
2.52743527026309
3.18782598608485
4.82018533937064
4.74955609633865
3.04701711501383
2.98880252661359
2.31599530913343
3.03404406799289
4.05634386849893
3.63476795411916
4.68448769961796
3.6655863417948
2.76110150530844
2.85246429700928
3.4902334132601
2.87267855568972
3.72872364779881
5.57386713561263
4.83679982290868
5.39890199143447
