0
-2.84915554199037
-6.73903532981513
-9.03873454263471
-11.4088372549824
-14.3983397041125
-18.8053564370222
-23.3932377223043
-26.8948944249126
-30.7678775510797
-34.1814882205875
-36.857555704815
-40.2936381562789
-41.1121749914005
-41.3310267202079
-40.9971524679056
-37.8244612151282
-32.8336547751898
-27.4235326582988
-24.0183598703365
-20.9857619192335
-17.0601038166101
-13.2917390078526
-10.4316929521089
-8.93241357290491
-6.43233702203538
-4.30226300730586
-1.33589816595447
0.794072271729025
2.5902534741542
4.31266377412694
4.57167581311907
3.2448815280152
3.25136016922167
2.48932200758538
2.70304436147264
1.94014476894499
-0.839801971047499
-3.50286939423768
-3.55104383293219
-2.37399600841178
-1.5285774216695
-1.97683947415771
-2.9319227183239
-3.46127650835237
-3.96786341938334
-2.54920030463975
-0.719202458044875
1.61088545137416
3.60963124253786
5.05118463198656
6.13929529276259
8.50312419079179
10.5615853750552
11.7630876126385
12.2497893993243
11.0110390951042
9.77879111987503
9.30778995421479
7.63247126565839
5.43799237499938
2.45308768380065
-0.624538321239439
-2.36748319261093
-1.99180244230253
-1.43643067024878
1.0352176138059
2.20204035603085
3.16318166019459
4.72731424297957
6.31267050110359
7.55539463920438
9.45560034951126
10.8735649120164
11.2874304689327
10.5566757489573
9.1662913240824
10.3427334878159
11.9820422987741
12.3451805625341
12.9303937879387
10.5235104314427
7.71039631512882
6.027788082475
6.40914079229885
7.9361585773775
7.60706537881282
7.50396564473471
8.34886227795195
10.0480820933958
10.2976276717867
8.98297026639738
7.04101388228146
5.27210163622918
2.56863057057219
0.735930132144097
-0.0388833824375492
-0.521117626659862
-0.770287556361705
0.241590435658936
1.07401603720479
2.74531536827417
5.12178132834472
6.28285045844438
7.55605185259704
8.96262414507185
10.1745806916327
11.192522241325
10.920397016636
12.1409082293741
13.7011423538371
15.4496917762826
16.1944093547182
16.3189378526702
17.3788004284898
19.078947346145
21.0140444642516
24.8519044853088
30.4162634520489
35.6346131691364
39.2957123244134
40.9579026616084
42.1832412171165
45.5591666622527
49.2931380571682
51.6859354751038
54.0782651831841
55.8829451217612
57.0429208416367
57.0605707102517
56.934898358644
56.1898651986343
56.1982796725278
57.1951681115801
57.5336306572763
58.6141576490362
59.0169515637472
57.9155682695661
55.6007200707294
54.2245869506764
53.9944073130576
53.0321153580366
52.89293944513
50.999451599371
49.4515363435752
48.6414332207362
48.5489336259415
47.7837798146673
47.1252284886931
44.6904748050296
43.6451804567739
44.762053738097
43.7918232192523
41.9795610876693
40.9555052075792
39.3085442151806
36.83395106502
34.9980816288224
33.0050841732033
30.9411809816087
30.5352578135301
29.7376087982604
29.4252650766821
27.9495203797521
28.8487697134073
30.1135716761085
30.7179318823532
30.0794535408091
27.4365692021367
27.4577473069364
29.4171197913972
33.141342688189
35.156654866046
37.1230891944334
37.3060380925858
38.8161760130122
40.9759732530862
42.6172285177338
43.4951797036368
45.3096112086912
48.4030835225539
50.3219601938322
52.9109758323347
56.4872034542949
58.5512483124133
59.1433244362876
59.5040717016375
60.1342431821561
60.3382607165263
61.0285466880866
62.3237103447929
64.0041797033477
64.6160038667657
64.8123048985822
66.1165858490817
67.6824366419022
69.5268717667476
70.4461039167874
69.791088950959
70.2787334912574
70.6539882283377
