0.573384611763495
-0.232391658350861
-2.46231318238651
1.66153214698364
1.39116782699123
-0.638336923191801
1.23009307827576
-0.224417986996148
-0.614048619795055
-2.01271958878146
0.16321559600396
0.529571723086314
0.639256150275803
-0.708068991632903
-1.6051450011266
1.0785376894894
1.83413172801758
-2.05710644155998
-0.388623073875436
0.651831827752577
-0.290678662424665
0.559973948753489
-1.20426815052634
1.62193285300863
-0.0342493895552091
-0.841619296089663
1.08652279471231
-0.081868481503221
-0.792828738286101
0.015738029732584
0.234321793220003
1.98941231196951
-2.40699906451934
-0.901420123280771
-0.713652668775648
0.310387765525887
-0.637719021531709
0.177048346358539
-0.332553151007649
0.906480722537793
1.19432750519189
1.00508811051264
-0.0131077056554612
1.33354358843862
-0.309280826521143
-0.35276481672062
-0.00783428932649011
0.0182375572631902
1.77161290215001
1.68839393150849
0.669218286691823
0.436863210793585
-0.776336024157645
0.526126581839148
0.277310959122393
0.544753700653563
0.176124950180378
0.156453079527882
-0.991904173226381
0.573069377298011
0.103329329782193
0.623312312861867
-1.31994910619857
0.505895252700673
1.58026761053741
-0.309565699038149
-0.991073534285241
-1.77230018553815
1.43381618662765
-0.181994639033657
0.293235606234664
-0.0880988494647408
-0.53116200410794
-0.807106829485928
0.277011432341585
-0.0527673308511461
-1.06893198560106
0.0569472911588022
1.28126798180275
0.919941195155536
0.487565989043997
-0.373028820988103
0.808772580892705
0.769009424571714
-0.113271364951674
1.08917620686997
0.0617208046254806
-0.642727568536581
-0.00477146967040689
0.107660141295394
0.76648843027891
-1.37095318093957
0.05300104588021
-1.06537543417512
0.532461621525915
0.592500002491334
0.253242022124142
1.49577007442655
0.3393772370182
0.309514129963906
1.07035686834897
2.4235870346566
0.839569499416796
1.20119054010092
-0.955402188671968
0.628363966336277
1.00515950792498
0.276642638536076
0.132972532468159
0.0601019504197078
-1.46067851400996
0.0881991533040265
0.416675178464657
0.917031787457397
-1.11564589282456
0.197430838928147
-1.63839799431778
-0.880743579516417
-0.205365238952117
-1.3059973875567
-0.140122327061198
-1.41037323959816
-0.394449233335431
0.625461340427569
-0.94798260561371
0.203590312939406
-0.159594626855724
0.277326350056955
1.48344683179127
-1.50592720449368
0.163275672306962
0.283988333998296
0.0747978815263589
0.771555037340372
0.0140459088840717
0.462755633708009
0.839822121017745
-0.866651989274952
-0.41118698234477
-1.49851561116396
0.223614116718646
0.0997946373796713
0.931658160980948
-0.735991760747031
0.980295146215948
0.104761492209987
0.367598227123666
-1.36295840954635
-0.51731120493232
1.05324556550941
-1.56880550401019
0.406502442141546
1.16842466496754
0.728958284632533
0.409911095639607
-0.22453053978284
-1.93759779475703
-0.349820722400916
0.229789623667496
-0.878385300139958
0.749461373861807
-0.75832241532778
0.53628981586462
-0.789195411871643
-0.465018855528835
-2.74755376483122
1.72632299151746
-0.667790916982607
0.0517658179357863
-0.252136794226356
0.0405567212564014
0.575566495641155
1.83043781312531
0.246319052855129
0.548433492067185
0.853744807341637
-0.541649949383775
-0.372309822915186
-1.68105276052808
-1.77679747989022
-1.81356317140037
-1.09750935638156
-0.611559312603837
-0.26203280465629
-0.254492481301829
-0.313474583574947
-0.868615571307388
-1.4440724517176
-0.133948463842595
-1.46209099626001
-1.00832662102344
-0.0951921710050263
-1.31936071688805
-0.936470143069816
0.0837289480452046
0.810088501187076
0.574334018160871
-0.179827557844708
-0.261473195109462
0.131512815558685
-0.925582851149141
-2.67332114241189
0.207006778959576
1.2510444881409
2.24289152408494
0.178092782104815
-0.730094885284668
0.800787256595014
-0.413292409392267
0.134310454554186
1.50633163397157
2.34623255275821
0.582723017135234
0.970577881490212
1.53696564191248
0.599416000137674
-0.839709166240128
0.145428887536823
0.653837074443164
-0.00440482206390966
1.00954592751143
1.93689909391746
-0.555357387661614
-0.0271294173089928
2.25253542759121
-1.48013883878328
0.805281826002989
0.542859673298846
-0.252091505266562
1.23035489884056
-0.299319340635127
-0.743601494106688
0.209856984001758
-0.477332494400849
0.0633329276135095
-0.00864397293843117
0.519805545199748
0.765080780595811
0.258981601148923
0.18692298901577
-0.173209297196077
0.491629505502993
0.202884288141342
1.3967389200386
-0.639250213148074
2.42174664220163
0.579238735382149
-0.773343110880858
0.315995720385216
0.18729451256952
0.0884659318722597
-0.69821417818824
-0.543125076880756
-1.06730086582342
1.79132004758419
0.434361733953794
0.529146649602214
0.124861318366902
1.91164932932683
-1.40383201066093
-1.06096965926244
-1.06513930744597
-0.982337129947286
-0.422424453456491
0.310701196962041
-0.245451273604434
0.228314195588594
1.42107827203806
0.77156350224962
-1.10321511182021
0.315966620891596
-0.337693917407548
0.917802442229529
-1.84408001985239
-1.09341820210002
-0.409608495769411
-0.132734066891093
1.2881872505067
0.654058772653401
-0.0584594764820633
-0.932505244117567
0.409881786033133
0.598539976215345
0.743877639043247
-0.671190575381915
-1.20659274337032
-0.680283425478618
-0.288503088519128
0.473218531035039
0.18171888421262
0.407742793709282
-0.539720930173782
1.33519264508449
0.618391562916333
0.528234198017062
-1.78474384147322
-0.252443612539518
-1.14671675839992
1.13596937833259
0.400831964662106
0.061514943055524
1.04056493902531
0.45999107336187
-1.40141545927053
-0.112823066335031
-0.951567284359356
0.271965458318741
-0.768811765513205
0.534081489193923
0.422831386881726
1.241699177226
-0.694863772616902
-0.197197038818312
1.75988507388523
-2.21927845617037
0.533355255188434
-0.596808465821315
-0.00449304280249198
0.012786099532749
0.314966191017204
-0.379075428571788
2.27122155384161
1.08958401035541
-1.09589889435849
1.07652546464192
-1.91294518204465
-0.515201963808215
0.562393109175293
1.28369694497215
-0.642197488281285
1.15123628069742
0.567515186063848
-1.8857512587762
-0.279349756651702
0.79102718080891
-0.426058819786575
-0.386141042729146
-1.31477008603772
-1.61235388606143
0.227398638579515
0.530084244968678
-0.413361951075939
0.474409685808592
0.142853536649182
-0.157884089438997
0.911276010674335
-1.08244188153478
1.16058106084173
-0.255479727439627
-0.161373323888931
-0.100351477177902
-0.494793690075149
-1.21624426741992
0.880369923626557
-1.17137712842492
0.464636652116836
-2.19000840681109
0.260662534881024
-0.272915142511044
0.188837719162789
-0.308830362865576
1.86372349256918
-0.0362544663319739
0.263151723312812
-0.261546858397782
-0.0260574555970086
0.732834298542492
-0.0500862518709094
0.625311359788663
-0.678485400715751
-0.698927178151629
0.8808885205635
1.56393131936322
0.566979767391669
-1.95672444530406
1.4752901110601
0.263036092694123
1.52063210774644
0.194946519757863
0.0602488749169356
-1.62685980435142
1.07170944380806
0.0714281922728362
0.500321012472586
-1.27011849838564
-0.168834156678908
-1.30851848081855
-0.348123909627273
-0.336486957081874
0.885321126492384
-0.113608933180883
-0.65759929797871
-0.112350762047597
1.35406518019347
0.4891200740067
-0.0701060755800558
1.60971971627178
0.427055190763709
0.591145977655193
1.57214263763204
1.29968841024741
-0.73197262538207
0.168527750293248
2.1164684360686
-0.199064580892233
0.195260190853808
-1.76238849993806
0.514317527954011
-0.572470109697389
-1.6103575931424
-1.40523307082694
-2.51970294301885
1.27795264518488
0.735268745607916
-0.797264843475544
-2.41816561848915
-1.80999172993803
2.0505689231812
-0.0371546592321936
-0.195802200567132
1.08945473709254
1.10203073163552
0.211832694429996
-1.28185007167902
-0.868233118832703
0.807417675320541
-0.656201618678981
-1.89478476304485
0.814823444096669
-0.44435070311686
0.597855511280316
0.753960487076766
0.302203745803618
0.850132716186469
-0.72881739233049
-1.94855766247971
-1.00602006433744
-2.60263744414187
-0.551208140040077
-1.92093308926391
-2.16062835694487
1.12156694850178
0.83011163541232
-0.223119120587378
-0.168373224018217
0.124136932171797
-1.38791155884971
-1.46591046993117
-0.340454033968136
0.353676745109433
-0.863802028851237
-0.276979778564832
-1.27112749958425
-0.612850823446153
-0.607747058885996
-0.729273163977958
1.61854609789846
-1.48100501058196
-0.35644009093996
-0.159255537037042
0.287724239088508
-0.811976589164489
-0.528355596608084
-0.630594400539369
0.966523457886483
0.00175615745795632
-0.640800290709792
0.902413497095561
2.42386414960014
-0.164918458902574
0.392113621075041
0.394402300827397
-1.69600679102487
0.724253277173482
-1.53377567942915
-0.742499838892613
0.244605333975058
0.331165429675912
2.16065096959198
0.00944475844914862
0.852791405344667
-0.598271621920309
0.807164624992078
-0.084524600033637
1.58969038209182
0.399400163411279
-0.819427960205924
1.2085899111296
-1.00550122454752
-1.48859781000242
1.37723353849994
2.05509716993845
0.0308990278969095
-0.345109429123865
1.24614681647697
-2.93035420876163
-0.742910629990047
1.57439771168519
0.511249364555822
-2.01283184431366
1.96682920285182
-1.81529972739556
1.00078935106209
-0.573608482212318
0.436994424498305
0.948849830888268
0.277623571044562
-0.370319307133384
1.36474675598006
-1.32561981638713
0.291495894876276
1.15728742017425
0.243391795550955
2.162753620018
-0.52533753500961
0.717358449202847
1.69513107888906
1.11757183135649
1.62332805698968
1.68013333209536
1.23051488972233
-0.650448198301055
-0.210918988782734
-2.87084155792359
-0.615372651979866
-0.970876881209636
-0.777721481031388
0.981608227000155
0.0585151208703295
-0.59051519645936
-0.885295497802833
0.105209468400279
-0.444674623485179
0.175861541532275
-0.910391056998401
-0.456807147550254
1.51081601374162
0.875443936940278
0.215289402758236
-0.0129792310208525
-0.405716056710854
1.9192204632216
0.884652681296813
0.846693129978148
-2.84712023147359
0.830391030104962
-0.709170279785233
0.873262242445339
-0.114015047318564
1.42360731400234
0.71403608148637
0.716591855146656
0.964807576974989
1.2604226622468
0.662812112976488
-1.84698545295617
-0.313395956896518
0.29089936757517
-0.219797718943797
0.249854595047488
0.32191606355343
0.533375616631866
0.785557546315732
-0.131797368644839
0.577559266128108
1.14739698375183
-0.324946602592539
0.0293145347594842
0.808354106495455
-1.26803034035702
-2.38842311649874
-1.0934728366906
0.860107837188586
0.801012239358104
-0.460091426088188
0.980225325432993
-0.267981798405291
-0.564090444667351
0.772630840057188
0.993948031300901
0.952574509348325
1.65659729327652
-0.969093546618738
-0.649238447434149
0.139291535068678
0.275416019154284
0.775356612206199
0.672252751404681
1.37581643160242
-0.0438896686295123
0.290319479314338
0.1261040928049
1.10723159034414
-1.03052191761804
1.14025348026922
1.53097444389195
-2.42991830274642
-1.06359024101142
-1.19881231030738
0.978158458123357
1.11838803276544
0.839551641404026
0.582709814635068
-0.0938425496809927
-0.0406597480930612
0.584161541406579
0.556032536439726
1.63805958481175
-0.654483202451074
0.411086114356372
0.479542089070301
-1.78676545404902
-0.108870452410681
0.390212306710727
0.124256752176598
0.598756703265966
-0.757250029362088
-0.731435471199137
-0.139455992333884
1.24360790796427
-0.018196072371151
1.64717909228258
-0.0780228235331966
-1.03214307072054
-0.0265588379810534
-0.401627808481094
0.0708029678409512
-1.52137440019833
-0.960151827760731
-0.557477000620333
1.32095400540611
-0.741732866758869
-1.15471085943617
0.330823803264702
-0.774199273281113
0.162930954140867
1.9401314311649
0.0501981642426128
-0.528096817596524
1.14048099605266
0.922084115252123
-0.285739966614816
-1.02378932715521
-1.45027299301956
-0.293125951055112
-1.01356051909297
2.94814574557185
-0.657073297193538
-0.0395087185012834
-1.77282472116705
-1.07855424607587
0.502756629568242
0.213861544563269
0.624748516290995
-0.781103406065712
-1.90561567217568
-0.273474623717472
-1.20554851782197
-0.43003436631237
0.364769133566558
0.259135786854656
0.545649108637216
-0.775785184049684
0.0969527670550105
0.463681440958517
-0.151781998537303
-1.10691938059118
0.487433222209604
-0.210078269330416
-0.385902008463682
-0.0498507661535386
1.55431412431315
1.02013003095707
0.179207572990537
-0.56874969655977
0.535288123266554
-0.417457061059293
0.329199496005017
-1.2222400419383
1.73052263780598
0.236992906899716
-0.396893096073861
0.935880267336648
-0.839602174949224
1.867294782653
0.856657250088431
0.204701503145667
-0.293254111796752
0.385514023693719
2.35821696323285
-0.221920466004718
0.329823107993096
0.327035292507667
-0.924544999436052
-0.0203034192227165
0.906636009206409
2.04752225380457
-0.220100324965884
-0.434825915954795
1.38439185634586
0.0896929936118526
-0.791515637916738
0.930535767010102
-0.201955401503789
0.12038285040736
-1.52143296180151
0.402308644093671
0.128992822104743
-0.146444726700685
0.419784633849159
0.789037697341792
-0.297435364813908
-1.23744716597457
0.984320762715213
0.673244567980349
1.12706177870917
-1.98384045384106
0.453500285035914
0.630203034440116
0.339727762485098
-0.655299113134402
-0.342629629263852
0.720301253832351
-0.18871339214387
-0.639450618525645
1.89665589679779
0.246318662385341
-1.24767832657492
-1.66135438688821
0.397168575093284
-0.657564325573261
-0.849019646015757
-2.08149808085995
-1.10570320178061
0.750205139778071
0.873494783148011
-1.08557111260392
-0.0996656973781683
-0.0657877626565734
0.558161915751126
0.261787115503565
0.0847964776453007
-1.36594274040514
-0.634329089749627
1.49511965359586
1.08417116376804
0.734239281389982
-1.08287253295577
0.487532116452883
-0.51490146698087
-0.54396225805468
0.394100392427877
1.04506305696216
0.58868328537222
-0.338818750850074
0.352294632337897
0.695242289009506
-1.91780482405834
-0.16966173382894
-0.930319400626145
0.748692359064379
1.60532853565484
0.663745097756224
-1.5035535888822
1.0280127178937
1.4387066615373
1.03872207013502
2.17686303049718
0.0581149604223535
-0.38865697691071
-0.123218332059744
0.384842084734948
-0.38814123073492
-0.53693186118748
1.29619740936965
0.20069632801462
0.495851420628639
0.0180707411230419
-2.20771005911159
1.24876762394772
0.995640936131645
2.11017415671504
-0.248403610199587
-0.0581317859557162
-2.18956568553276
-0.264295509862572
-0.386849064647905
0.764251219953163
-0.568494998066089
1.1409680198808
0.431732690786945
-0.154051831638959
-0.629511807726586
1.16603999978773
-0.33720996651216
0.609192329811389
0.208659746180505
-0.494995206335187
1.50853931617308
0.13356553877852
-0.154671715347741
0.273195778788054
2.20643808978015
-0.282840002507687
0.254507248539934
-0.415868389484296
0.375215235578032
0.183210335964292
0.00673195956716188
-0.596055059747025
0.158284916196207
0.528027348004015
-0.601159708819262
-0.0545934111169983
0.0620801954849663
0.36757585072774
1.80630224709595
-0.032070702135189
-0.455528350389559
-1.63414460906894
1.09108398385159
1.7907358552661
-1.41928244328861
1.36122042064313
2.53728024778358
0.422835594910395
-0.795544008414065
-0.267290304012763
-1.18118400130491
1.21259284503787
0.367190919131211
-0.988161053419163
-1.47511818641585
0.550940988060467
0.00732456968874717
-0.579270224556911
-1.52470622602057
2.29481235010288
0.12550583106784
0.905355494107699
-0.191503352062507
0.375002812715777
-1.15090716409296
-1.50305879380206
0.144045949267051
-0.167767390138716
0.522866954224277
-0.10741510102075
0.887057326508744
0.662782491628527
-0.121517255688279
-0.456984772009746
1.7470792123462
0.576597689616988
-1.32198384369019
1.88548648667355
-0.437510716077956
-0.0351494270979429
-0.504595419506952
-0.777973584293378
-0.302998212904922
1.16161449237111
-1.60361886556644
0.533943694364549
-0.747569922190398
-0.163756629263208
-0.196516906832144
0.793821643805275
1.92719611325684
-1.02524610231718
0.994554395825241
0.871676272475722
0.233869108347882
-0.94931906017855
-1.86350440340236
0.105337188882752
-0.351653741429927
0.434089603699962
0.189195877244355
-1.28868414003718
0.390251488487609
0.415578287840166
-0.504558015110771
0.402182951379528
0.365691929467841
0.606978932730895
-0.745076849568697
-0.848152632428619
-0.278555888062811
-0.914642243656486
-0.811560698533818
1.2122071221611
0.799980103799564
0.971277850762685
-0.241577492922206
-2.51162683134434
-0.705498264446825
0.58901121142696
-0.364620223227124
0.0933350138840037
0.199864687008173
-0.293883781981576
-0.409052268175011
-1.15087006657618
0.151601630055505
-1.85279513077223
-0.693584163278862
0.408098057891825
-0.961455636087626
-0.0194599786271917
-0.588687893244836
-0.602484626560613
1.11937232400144
-0.0354063643492537
0.877206632574755
0.736880491108748
0.795967582508548
-2.74025579212328
-0.257754250564357
0.663240006077098
-0.769405948560521
-0.738238465381365
-0.521101816977099
-0.722576325735486
-1.27939107242267
0.77729114518356
-1.14049850961822
-0.469381918145588
0.635017476934277
-0.609246268104977
1.63430559598878
1.13080236392333
0.814042958201596
-1.61525298307303
2.8128084967106
0.804174057728645
-0.0577994679358532
-0.486806307714617
0.893278885108045
-0.523095965404605
0.855414937482191
-0.74985135752738
-0.614877690509451
0.271124943448378
0.543567901667065
0.659100646182791
0.869957914356942
0.931084638761582
-0.00359423886644453
-1.14460813014557
0.0845744262332481
-2.04464996687109
0.812579586645359
-0.67277550497766
-0.825263300504669
-0.0853578679513621
-1.34485940115598
-1.24066177106977
-0.0953240310130072
-0.593131233621847
-1.00641669953523
-0.665574459944669
-0.150009053328883
0.457735446074777
0.284276974894983
1.15359711237208
-0.428856211089674
1.60724178747794
-1.68537793405611
0.867744752443832
-0.0708927641994192
-1.27515059360626
-1.31227059025106
-0.888360109550362
-0.047322493286232
1.91366917359335
0.665806725693747
-0.58142928277818
-1.62368577480212
-0.828257945280184
0.23132357063583
0.515736660450279
-1.08436203952597
-0.00848073582721917
1.69495779452585
-0.26064451088867
-0.408502864421351
-0.110645237085281
-1.16495148578322
-0.657058817085637
0.597379992828649
-0.516444127932864
0.301933270783244
0.704828500233615
-1.11292672050628
0.306395193606321
1.03618688803528
2.71808039817074
-0.704094652097091
0.0343515308143407
