0.177542460865764
0.0732985259398439
4.58107274297746
2.22577982523778
3.56659168108271
-1.76028836621441
-0.441296448397659
0.46907130367495
0.552351424023779
-0.74033317759703
-3.03546036961332
1.8531025097635
-0.375106164726086
-2.35026494442873
5.21915111304647
2.39533908674794
2.50416610290205
0.0215225957604688
0.827570597927495
1.35028790553331
0.970058464025173
-0.322373395107455
-3.56707146025964
1.31074526899844
-0.0239372386692158
-1.64405184454213
5.10190960441551
1.94708019645973
1.47331150400272
-0.278035203511293
0.235345356108047
0.244647624290166
2.22270153877688
0.0685180010937517
-3.13941387902302
1.30407331302937
0.919584102481691
-1.9913112614933
5.22038354619594
2.42934483817405
1.39368703129024
0.699805003961869
1.34020490148286
1.70195358823449
2.75372461791032
-0.0339145113153927
-3.70926239521768
1.29805029046966
2.07899979283123
-1.93751534764377
3.80797091436011
1.94528405057373
1.9535000094387
0.864314540975273
1.69787171421501
2.79168330392493
2.19474158937887
2.06389963142912
-1.97732443848602
2.44889036627377
2.35775818650051
-0.972105127670474
4.38982512188012
1.82522917653619
2.09225822810849
-1.27179218716047
0.793866327699537
1.67435630345563
1.77623336291314
1.46607680160797
-1.41896263070912
3.27747398241974
2.36218846225006
-0.844550843035932
4.51828719691806
1.86897020121233
2.04403221487883
-0.468185613575747
1.14451530269593
1.28638567128313
3.22466633800118
1.98016066790189
-0.693302634385415
3.40250644833276
-0.372805594204901
0.0650000926370505
3.39603466310438
2.94548920185299
1.55490454522842
-1.83420047024385
2.66256029725778
0.326563098237717
4.92189783223828
-0.131581789043573
0.615380520316343
3.198250011999
-1.06857885417309
0.219333121651936
2.38416277444595
2.2715947032962
1.79701229853595
0.104566718702551
2.63516781724578
-0.0642783427009312
4.23903409092399
-0.684908708817978
0.949862807491509
3.21305422437178
0.218027610416689
-0.614294509640529
0.0483298696750616
1.88598989600034
1.8812354243949
-0.296611769188708
3.69396155226881
1.13778038971849
5.19356298681633
-1.58827939451875
0.478455198987191
2.25134079473478
0.0966787098505218
-0.0221557208087286
-1.13081356738159
0.961290619414325
0.689693825073455
-2.08420868125667
3.26296202199896
-0.692335207596444
6.31738605714869
-0.235037092666142
1.46687574960371
2.88010350137432
0.732035997665277
-0.479676354062478
0.547531786602341
1.29545778209769
1.237460284538
-1.89947502997667
3.73860366625953
1.06243754528747
7.04390569674965
-0.438381023083893
-0.0269650631162581
2.9838514082726
0.758754979707164
-1.24832391181113
0.726960362073617
-0.278026156297808
0.649913264996743
-1.8521504461773
4.1868617060491
-0.250590437628687
6.749511454868
-0.630491687544007
-0.206786710113735
2.71609461317372
0.62087619241664
-1.11792241141321
1.32691267376106
1.45883314876334
0.858951437417061
-0.399474774297637
2.79609645262417
0.91662714860929
5.73891713534961
0.711572634353109
0.347415103822881
2.08460640201083
1.12040079694953
0.398691557798727
-0.700283283264953
-0.526533417208401
0.278896103871473
-0.698447738931046
2.03742449667977
2.74848339529773
4.81013316073026
0.658097772512031
0.890722140877092
1.46042573148642
-0.339937890832947
0.325790080293122
-0.178093175413336
-1.05228345198165
-0.202113131073933
0.484363119755681
3.27414973538551
0.80078347123078
4.54610333175996
1.29287513026415
2.91709911661962
1.49068736259206
-1.88979153292997
-0.0735468587560116
0.0695517830602941
0.352522591198497
-0.556502916454256
0.0473569340443571
1.05930265377612
0.671241336657955
3.75885002930396
1.8216583133144
1.27982707911111
1.53465014351034
-1.42625492604881
-0.497168656105134
0.313834039867374
0.75441712105282
-2.60458211800231
-1.34753442521356
-1.09815983988276
1.55318984592627
0.826606440301209
3.30874369952793
1.77780723462245
3.57723766152607
-1.52812637935011
-0.871047350955447
0.533219085327997
1.78674230628926
-3.47609952208555
0.477311290551114
-0.644801051159233
-0.404217987878612
-0.232189970978739
1.95807728434521
1.30162736893726
1.94592306794098
-0.433551382711068
-1.08534593342971
0.855049805123392
3.92349439210891
-2.47068782655104
1.33664084694717
-1.76277209375914
0.351370938333485
1.02905439211583
3.02941408193747
-0.449651739020197
3.23922119213817
-0.135943693692781
-1.52485943157897
1.49608227589387
3.62188365588666
-2.46667697735691
0.106448648918739
-2.58702091114675
0.317124185935188
-0.0799065970935413
2.57680206966096
-0.19634504911824
4.25007323446994
0.330458960844443
-2.45182937736003
0.767748173011238
2.09384614336291
-1.48805600036959
-0.263153909153868
-2.68678581721695
0.745814295557701
2.07025365471724
3.42562621115495
1.70079394579143
4.02568542874061
-0.529040427306785
-2.3401649448998
2.28429757179569
3.55337818924767
-0.961787094366074
0.673598687425216
-2.2293000306431
0.397560815538201
2.25815917173475
3.36034403649775
0.00743949599130822
3.64127128959519
-2.49947368491994
-0.593675976898111
0.723092421983803
2.61895151012968
-1.97912925003244
-0.249836346832128
-1.47606523804567
0.626306799175529
2.58823126648134
3.70935763892778
-2.03490985385746
3.75124920654848
-1.43694328245223
-0.975907250515778
0.73584342218447
2.19629418453468
-1.89522045168004
-1.17519299986864
-1.70143463177477
0.928127394374881
2.39428651112672
3.88890645030444
-0.827562032466889
3.82848373634081
-2.43197336935617
0.234093329372544
2.60308957744531
2.30732301368348
-2.40068030561
-1.27702222784428
-4.18846106470208
