0.302737976971798
1.02738672772632
1.70923888199774
1.89457541496951
2.46095570253377
-1.26807002363122
-0.145166837538218
-0.864688284894096
-1.52296361184066
-1.42015299847765
-0.9853048817633
0.117076603437523
-1.53708071515971
0.249621259780645
-0.828243272892926
0.0353720924304004
0.725891879791156
-0.327304452995117
0.804265105499653
-0.0790729272518608
1.23136195733429
0.815988300682535
2.9824652306691
0.860564584464846
-0.358514479093867
-1.08462460218933
-0.028937924005461
-0.246660337281793
0.412849527080969
0.507454149589844
0.870363022783421
-0.259954601626598
0.0807128279831346
-1.06849773950086
-1.29861509291973
-1.69900834619906
-1.32297258215664
-1.18956739694298
-1.51803477338011
-0.581849497670583
-1.13066166533712
0.521934622727453
0.286644442497999
0.487851615869234
-0.189524050210154
-0.529541323841168
0.337222480535293
0.330661629791525
-0.264418283592763
0.359689529125357
2.5195498899997
2.27290017279105
3.2307427281938
1.23514947316039
0.392876788962127
-1.19091093288331
1.92628831314593
3.70920650403016
1.97800530952639
-0.190596238090055
-0.608540390495127
-1.6254895280744
0.0321719301123709
0.769511154595807
1.42482993539772
1.95490905183413
1.6785434852343
0.462522258807972
1.37435718662579
-0.430768219671451
-0.75325765519319
-0.565411167133517
-0.0965880797716677
-1.50622848483121
-2.17829434492954
0.021702861729195
-0.996553098253753
-0.696511910802307
-0.173852239807345
0.684165543798835
2.41774771165142
1.93383518302079
0.992667761533635
1.08847829946761
1.5482371916827
0.620155452610435
-0.27387558532728
0.0613946614350737
-0.49463020176869
1.00812051305902
0.948188624841288
1.04954341611202
2.08388550559526
2.99180354055342
2.89249486950544
1.70182516069735
1.45204710628388
1.39422809023093
1.38646141979395
1.63542287335885
1.31749054007173
1.6768964976662
0.0291936316493508
1.27251537886753
0.0185280874126976
-0.534087093881749
-0.867265280968412
1.13372119265985
-0.917119640615711
1.61438177491792
1.51196658667188
1.83481056901791
2.10155826216352
0.312902044223917
-1.0674224986845
-0.161625653357502
1.00847135059442
-1.60728376359836
-0.885978114874992
0.534052005836673
0.859344975418081
0.270278909313567
1.47400500253969
-0.59841733178596
-0.356682335952751
-0.918865403923163
0.420928624749611
0.547361468866593
0.427478499082244
1.11800005063801
0.659119951319695
1.19837879138
0.672334218298855
-0.0590331265015051
-0.957763632565259
0.432776533355563
-2.25439368397265
-1.24639202152113
-0.72701131011613
1.00256858546036
1.55113293195757
0.314339698355443
1.56269715905656
1.89041108635579
0.7756355632756
-0.0320796971082339
1.12287845559006
-0.0647222545629765
1.66056004328285
2.47816840320425
1.64374816407996
-0.173721930433737
-1.71746648829436
-2.73139145745195
-1.42797385850927
-2.23513406210876
-2.34891858072743
-1.3814366065857
0.0862867012204649
0.754609924072228
1.46173251346546
0.865977882201939
2.17737154927757
1.56046444339208
1.62709116226593
2.10951236090863
0.506366984919182
-0.923351894238911
0.696470413848895
0.0933279412227452
-1.78100752116509
-2.2524509314466
-1.90015125542895
-0.508262034118397
-0.698718398990896
0.916191918052295
1.05602145297905
-0.0315439093596435
0.935487756603942
-0.527644116203589
-0.568590894578505
-0.638740183327832
-0.266972368691523
0.207478283143993
-0.600487892308843
0.381401757643191
0.89565673429225
1.50320827507199
-0.00359094866915211
-1.97443657766686
-1.4679705617405
-0.400419659448797
0.303612844801898
-0.355588224865713
0.477144644178079
-0.394528216192638
0.55038675793437
0.0356799441362634
-0.429499792559301
-1.13580488679194
-1.64248149312152
-3.09964332347582
-2.03988625070848
-1.29131296405372
-0.590399499831424
1.40932986843279
-0.725025006696947
-1.14732490956356
0.896797475577995
-0.166995043082044
-2.56931839342873
-2.05855985008934
-1.66427189025588
-3.474636869368
-4.37250304601877
-3.79922502493167
-3.81931643917154
-2.81603639910366
-1.56143362129804
-1.02763870840126
-0.510746369063227
-0.482240482888839
1.92724559812662
0.794424881925671
-0.857975222364746
-2.900932195379
-1.01556700420079
-1.44953630423065
-2.31238317389217
-1.32647356221391
-0.37599758719027
-1.46743278664421
-3.29681311916847
-2.21803828398482
-1.6614939485762
-1.46256255480443
-2.75287293995816
-0.531506996758449
-0.340596114122192
-1.70271769422983
-1.51238165862842
-1.63400978122608
-1.33038181642137
-0.802847501851124
0.806372899186962
0.112165633525925
1.43082926311448
2.12040688509966
2.78778090012857
1.85808389311067
1.03388605651479
1.34502809957806
-1.26756193901822
-2.95526016699949
-2.40801942838835
-0.988648207795356
-0.188895147026463
0.111203635283697
0.761706278127062
0.323619272005374
-0.598449585850397
-0.0139623346411891
0.794113897514979
0.947510967062992
0.697124096912771
-0.00471132053284407
1.54912557613122
0.385045950319613
-0.494765866102239
-0.120880149492812
0.100447752734641
1.56297229087619
-0.49537963527165
0.261493686460345
-0.247693229870027
1.02403535870254
0.588624798790075
1.16347774232805
0.185872857864721
0.520448621327329
0.471226122542579
0.651839187222845
0.19640166342463
-0.0812126309225907
-2.5892480616834
-1.78123980232954
0.126823460577816
-0.136791156001042
2.59101826305035
1.55537363595763
1.17685251363576
0.00286312520531806
0.862627388343093
-0.221443209587159
-0.666357794221638
-1.43207542873691
-1.00715251702324
0.274591456428744
1.12244550298636
1.26201003490041
