-0.781181303994847
-0.49383440773398
0.854683454286249
-0.379156084402258
-0.578178394205988
3.15868628950958
1.89907905787237
3.45125443631426
3.22316081524765
1.7700854968234
3.34881769729607
5.07089617069983
3.66057034111917
5.92565734672247
4.42594633794132
5.45193793854482
6.82543929440548
5.41725882920311
6.46587760940757
6.55902550434267
5.19427701597035
5.74536794149464
8.36241447489883
6.93299044140347
10.2151713345104
8.25000477490102
9.49212128345974
7.06490760149869
9.55646287937823
9.0129727385123
10.2334839761335
10.2207401021438
9.77668732432514
11.3496597370854
11.527560846722
13.2427395501092
11.6257952634964
10.9487301821144
12.7956699897132
11.2441892731658
14.7889673126279
13.5098209429149
13.0754439172206
13.9455582564832
14.1882849702325
13.7650341283169
14.1407905109482
16.0914921204612
15.7343777043027
17.032534605234
16.6248190399374
16.1172469877451
16.3327890280171
15.6296930268341
17.9017140122924
17.2678171950423
18.4350306633899
21.4284440671182
18.1857073278623
17.1955252063392
19.2802741436852
20.0659271563101
19.1360166626981
20.7938288880071
20.8911293682008
18.4237231623539
21.8230541230222
23.4941759739128
21.2617828769993
22.4718191726967
21.7171079389872
21.1686406747947
21.9251079552214
22.2357538426922
25.3528877026415
24.2281606932372
24.3969308847765
24.4985627862872
25.3807177104564
24.4275956357456
27.7667969093561
28.0125159541001
27.4167189473762
26.1548890866575
27.6027632451105
28.4983000621294
28.3909797739152
27.6802971572368
28.2814764890697
28.4970406991403
29.6841217769143
30.0843726778735
30.8262398574856
30.3222996844868
30.2579979913095
31.2139408299608
32.3669077781284
29.4864389495778
32.8865370257792
31.9459809163905
