0.165493893541893
-1.31475816189602
1.80342665786437
1.42562100783361
1.5496251367312
1.18575605651998
1.36812300353167
2.18096414894651
-0.118326426530742
0.941204503192765
1.51051471807294
0.227354709101335
1.10991725701299
0.50620802037455
0.050252545101156
-0.605962309858917
-0.865359907111511
-0.159397142678812
0.151155418671867
0.177934224304515
0.84690845410002
-1.16381525558653
0.630427831757832
0.807537476511532
-0.281712851084355
1.8733952224474
2.83913103139451
-0.422667041594733
2.4710333484603
1.73025329071921
-1.35125731227268
0.937747775897237
1.28082439797111
-0.758822215838365
-0.647903845805828
1.56679730381073
0.827849650317054
1.28369334446323
0.216265308750313
0.862743039534345
-0.702344061928032
-0.811153242402651
-0.446305223922743
1.05569835416974
-0.0579006882958097
-0.53187264469695
1.83178012218789
0.224361058855017
0.056945877545486
1.81398015772878
0.17535037068324
-0.60467433729824
-1.00836082010048
-0.491880695103149
-0.130394050475841
1.16180781130293
1.14905123363632
0.826346514163463
2.6278701277924
-0.272890179485293
-0.884460262510311
0.500513700714527
-0.764949700081561
-1.93795563139439
0.132060218696589
-0.624327166342755
-0.749606564674572
-0.85093818483867
-0.410127607414362
-1.11952213451043
-0.140212251921378
-0.145120692015845
-1.29250422449523
-3.1248432577251
-2.23880669367617
-1.18835283000463
-1.21632054492064
-0.326267186186226
-0.456295993936983
-1.07124324000495
0.145912058917929
-1.02908305566911
0.631230860704361
1.29068525138715
1.9397592810484
0.204781534713562
0.755170323740299
-0.51691001736331
-1.39909766577552
-0.950392625361796
0.338280280570861
-0.646545900953247
1.36220652709711
-0.181702427922769
0.775227150021785
0.0479677840233237
0.134198611303847
-0.51306424540875
1.63138197923026
-0.214232783824939
-1.79088499615572
-0.198563882747418
-0.474316577261337
-1.24013043920454
0.938485371351828
-1.11961933312161
-0.631761971476551
0.77027903052162
-1.75135049564695
-1.87267560763766
0.817348505194627
-0.466826789185799
-0.54583023738638
1.29042624821402
-0.308851307502066
1.78531736092431
1.87652219893583
1.05504188327733
1.96794504016047
2.60143834306803
1.80503231765798
0.828332148033336
-0.212653840024438
-1.02209102295365
-2.92623450329058
-2.09450950222956
-0.0955818409623826
-0.973377778146858
-0.0214882933073547
3.29077465730039
0.119783620022867
-0.581394609517126
1.55747799101749
-1.04210083753825
-0.943255836658712
0.219461015872744
-0.494500358008303
-0.762528791043985
1.16368341645022
0.338398376352321
1.22883060271418
1.30387814475392
-0.97154241610689
1.84540613619763
-0.342561671181348
-1.09884261062259
0.212948051262592
-0.670018673809327
-1.05698905590806
-0.0811671039241439
1.5779816767343
0.625866393704917
2.42002737571364
-0.295190314513028
1.1745663707751
0.837749220492958
0.5873879993906
1.68870743640124
-0.751106977699241
1.04946176046738
-0.223470036106132
1.51047156941336
0.768217972200545
0.373810308455246
-0.279950641377195
-0.916107145722977
-1.25243412822647
-0.884064450933062
-1.08543809993294
1.088920709367
0.977087968222196
1.88830808084325
0.658085592620091
1.33728157380662
1.59770701955655
1.12082253383544
3.16391938134469
1.07881259556349
1.42380068203144
1.05892278448922
0.398926461004385
1.40521977918249
0.190835453230627
1.65224844182714
0.556262608123457
-0.525236062653425
0.629615228002739
-0.0768230521602342
-0.502594974382926
-1.00838271803499
0.679121321332057
-1.19807502204748
1.04378664990699
-0.465752523576894
-0.935356335348531
0.908579793814726
-1.13694452170884
-0.382497106814044
1.04585739840679
-2.58040360272391
-1.89823628171124
-0.643272788556149
-0.515805690755582
-0.943473470123589
0.514002590118309
0.512766446682099
0.550747535955041
-0.656293071959389
-0.495976190717792
0.16533262796757
1.021924142563
0.0206267244493786
1.0920023743161
1.27234144615141
-2.38472714327973
0.107569183566494
-2.4586209744234
-2.37858781579613
-0.62596749681585
-0.374699929566121
-1.11846529172672
0.139856352401095
0.89546720746285
-1.50617430009259
2.91575960443083
-0.725644339394537
-0.30741968933223
0.88612126991419
-0.835836741460765
-1.10419931679072
0.258923469124706
1.01039464678514
2.21326661541869
-0.257608842700709
-0.810231043025471
0.575177746021356
-0.58999550637348
0.346740613335392
0.146585392697609
-0.578539382718945
-1.00100987597501
0.424833540980055
1.28930969553324
-1.0683498083657
0.822428921994202
-0.34646032746966
-3.26155298566261
-1.1800983004169
-1.91751248289137
-0.624239234805602
-2.37520763526087
-1.47364964679819
0.0511924634969252
-2.36645391313787
0.953079689589487
0.099305098771762
-0.767783689347853
-0.646401510153139
-0.479985701594698
-0.143864335063788
0.153203834226868
-2.49672436434871
0.516112997545599
-1.05773010172783
-2.15981725729266
-0.115509544382366
-1.27902678362969
-0.74969811128512
-0.669122534535431
-0.754381084050881
-1.07962104305737
1.21012156102351
-0.806889744757783
-0.158203092330333
1.01825972462231
1.01365972918273
1.04628517847957
1.30536354383132
1.2072353883972
1.00464837237214
0.488938773609857
2.22653254045208
1.88060575893502
-0.433428626711931
1.82080390557926
-0.784124465803923
0.520215202009874
2.07555668226129
-0.361276884869032
-1.10165109368054
1.63231030660769
-0.607262754347516
-0.647693580761619
-0.993080109260899
-0.798377953107384
0.124990506698566
-1.7935873016538
-0.0852472337685545
0.280519393142374
-0.0464549779236131
