0.617109934184747
-1.01206088907607
0.265908933205307
-1.65781902913341
-0.286382656311941
0.0790218406749418
0.290421893956224
1.04695670137386
0.644261235916798
1.19848758039625
0.669178023891504
-0.00612149062350135
-1.36016506119705
-0.191303216561252
0.0772594275656469
-0.042483858702668
0.437176369499556
-0.0755685914801556
-1.36070556783237
1.52099971484299
0.482142307399125
-0.553615238754521
-0.986353860205103
-2.09217119563736
-0.507616226507763
1.46761255502773
0.874138227169556
0.105764553904561
0.499372752074545
1.6420326480936
-0.525067453993782
-1.0643628389353
-0.597154414167271
0.529605654486755
-0.431724621455394
-1.19469349584611
0.8940613358022
-0.0838404677625851
0.411598532681756
1.41139635205655
1.37778251003118
-0.18267959212299
-0.00647078051068689
3.19686997422603
2.87765308283775
0.315539150366925
-0.606789585815657
-0.236037710227623
-1.00470509506119
-0.749725723580919
0.437522876967047
1.04842123862562
-0.16446315352648
0.178097249829626
-0.194768811699135
-0.269668044293323
-0.126056804448505
0.175513373162099
-0.509287718724874
-0.789141380331976
-1.17678656155233
-0.106921453018364
-0.412273638511738
1.09327822886381
0.260910521420999
0.270638571916989
-0.287981594584503
0.0811499907671959
-0.312342356024844
-1.03407752741914
-1.48553637440472
-1.76022797404033
-0.392211387528796
-1.71329758929927
-0.803866555573095
-0.920770567645213
0.761451115301866
-0.569467258203634
-0.422900542537272
1.72374649350868
-0.680517651811418
-1.32442007706896
-1.06257459705642
-1.0503161592265
1.30302642135765
0.110430118267928
-0.28080170912022
-1.9275869402654
-0.0257672761696726
0.261089207641363
-0.465934593002435
-0.25026514965794
1.02627674715339
-0.691877537846467
0.0890372049784092
1.37765096400719
-1.12966900135357
-0.82584528883466
1.13728120457184
1.13336808129376
-0.464115075894403
-1.12990480774664
-1.91026481061125
1.24306001706363
1.58865600943807
3.20070653478954
0.0734279328851708
-2.55052448321462
-0.549892220114108
-0.315044195596728
1.31916902877597
0.407802614355142
-1.3008936759312
0.347383302034281
1.27311256865087
0.323063080840665
0.874870445091849
-0.457700341431502
-0.275703825758484
-1.81485854240018
-1.19614442741487
-1.80177697622469
-0.0405609339800214
2.05996350783166
-0.396292670503781
0.132267444280543
0.62567969522511
0.22911500746931
0.472799701069974
0.134983073422874
-1.11101218425813
-0.321325003087398
1.71180762176433
-0.00591609759682166
1.40668546686407
0.0113229723966685
1.04406653034773
0.497057567091852
-0.181358004620239
0.962658368344256
1.08200325184948
0.811017957215325
0.369873526615571
0.0246717887152098
-0.652866471430476
-0.0784384267266715
-0.321383894854023
0.094362514561798
-0.34841869980609
2.10782806994576
0.666096884744493
-1.80687686117923
-1.39003007974505
-0.275957790494268
0.231724894177631
0.18480357889426
-0.398375817116262
0.455912767394714
1.43260353001962
1.50422330800423
0.278298061619616
-0.343618493169276
0.898315903299057
0.610421224804354
-0.223332022081107
0.280217257525644
0.955102181443444
-1.43068920741248
-2.57496225491024
0.00366147389676497
0.651813576646523
-0.957228691677561
-1.78208643164919
-2.10036773909387
-1.00519644090078
-0.523384586282485
1.0932361507436
2.31547626962811
0.897774544662943
0.270277114602647
-0.626804238597354
-1.62172197120891
0.633114589381007
-0.117755929506577
-1.28333060194153
-1.9292970147545
-2.08564277241926
0.460646900376297
0.623132157173715
-1.15338054853691
-0.618750376679709
0.0173173436626732
-0.358856020994761
-1.20060838593411
-0.825899465043639
0.491215079410436
0.104802055573189
-0.729131379432205
0.168440002902964
0.660363045321503
-1.07987763896777
0.207319906392812
0.471205886375257
-0.453820242253697
0.269167831997693
-0.0798855425573839
-0.411702615764494
-0.334039688322037
1.02914354836941
-1.21201432500023
-2.51034806200227
-0.420510180546361
-1.00858663434671
-0.488027881405015
-0.220618629394765
0.0547149362436154
0.091455505827055
-1.20931553635977
-2.0727515479431
-1.19189883843384
0.185349853509776
-0.551191435691156
-1.20358422502737
-1.40028866061466
-0.452390207614773
0.627075924047307
0.349709459416628
-1.29942269686581
-1.16964005157249
-1.83704621531591
0.375231498847768
-0.316868938288186
-0.935548966868945
-1.10327271133612
-0.8842090157015
-1.43565470869016
1.09161089309842
-0.639167283158257
-0.366311656468644
1.07367233272607
1.21668162240699
1.25401907294148
0.960400710993161
1.67964450517619
-0.523434378260913
-2.96918702277984
-0.525529709891143
0.779668346216246
1.5781753762114
1.16370852165492
1.49738901829717
-0.012686374732879
-1.21368681697556
-2.76718411010819
-1.07353742497023
-1.42052819128201
-0.865012219683097
0.29690614030109
0.622540691849436
-2.3057387538667
-1.37308385384858
0.793908598172228
-0.00366019429074255
-1.3244678447742
-0.515262154709416
-0.655916791051774
0.160964111586133
0.213173054212851
0.311570102809771
0.225171890878331
-0.355521162903489
-0.390351936947239
-1.24378201694988
-0.934887822420164
-0.699688821048031
-1.3941035966499
0.910575545526128
0.0259827168171197
-0.0518228242528021
0.259372400885412
-0.54026400497293
-0.661571732859637
-0.260194506460215
-0.426872237701484
-1.10444296039698
0.752811448177874
2.07567967316546
1.61032595322184
-0.107995539968024
-0.226689301804304
-0.141566194490905
0.394210414103924
0.956444427289845
-0.0161573487550977
-0.834483268924308
0.0922227427795428
-1.10124420569675
-1.80208451760912
-0.159437243249024
0.363794230325735
